99	4
98	2
97	3
96	3
95	1
94	5
93	15
92	11
91	13
90	5
89	2
88	2
87	6
86	7
85	17
84	22
83	24
82	24
81	46
80	48
79	60
78	72
77	80
76	110
75	116
74	165
73	197
72	222
71	279
70	308
69	366
68	425
67	461
66	535
65	589
64	667
63	782
62	869
61	1022
60	1110
59	1191
58	1307
57	1858
56	1676
55	1868
54	2120
53	2055
52	2072
51	2190
50	2318
49	2438
48	2286
47	2505
46	2514
45	2504
44	2735
43	2799
42	2741
41	2900
40	3133
39	3219
38	3391
37	3569
36	3876
35	4179
34	4644
33	4679
32	4763
31	4638
30	4763
29	5267
28	5330
27	5360
26	5525
25	5594
24	5651
23	5432
22	4681
21	4409
20	4036
19	3935
18	3682
17	3030
16	2558
15	2374
14	1953
13	881
