439139597	126	9.230159
439136369	118	9.118644
439136350	125	9.096
43935806	191	9.020943
590353403	105	9.009523
439064864	115	8.939131
59035342	289	8.9377165
446310786	195	8.923077
812550706	103	8.873786
439064872	170	8.794118
345339703	119	8.773109
345339681	148	8.763514
345361792	167	8.628742
345342968	149	8.610738
385484518	177	8.593221
449212602	102	8.54902
449005615	111	8.513514
142001740	284	8.5
60915544	110	8.490909
385504209	453	8.428256
60938455	140	8.414286
679781587	302	8.380795
684874350	118	8.322034
805063897	123	8.284553
60934417	143	8.244755
