1400034779	163	8.01227
14028009	126	7.7063494
140293248	155	6.903226
140298479	102	7.480392
142000205	121	7.3223143
142001740	284	8.5
1558743669	125	7.944
156027321	200	8.01
312195516	354	8.163842
312278586	200	7.465
312291639	155	7.3096776
312305060	120	7.6
312983271	105	6.866667
316096199	119	8.184874
316284955	159	7.8930817
316569321	112	7.482143
316601950	243	7.4691358
316666343	636	8.1729555
316769487	221	7.7104073
316776963	148	8.006757
345313860	129	7.891473
345337662	208	7.75
345339681	148	8.763514
345339703	119	8.773109
345342968	149	8.610738
345353145	121	7.5206614
345361792	167	8.628742
345370775	184	7.8315215
345417623	183	7.8469944
345443284	125	7.024
375700757	125	7.696
375706771	145	7.7034483
375707972	131	7.259542
375725784	132	7.1363635
375726403	135	7.6296296
375727345	212	7.3301888
380731851	102	7.7058825
380789019	114	8.087719
380789035	132	8.0
385265700	109	7.330275
385335482	146	7.8287673
385484518	177	8.593221
385486804	118	8.050847
385492081	124	8.008064
385503822	104	7.3076925
385504209	453	8.428256
385505833	109	7.431193
385720106	104	7.0
385722206	116	8.043103
399501487	103	7.970874
439064864	115	8.939131
439064872	170	8.794118
439136350	125	9.096
439136369	118	9.118644
439139597	126	9.230159
43935806	191	9.020943
440206154	142	8.0
44021145	199	7.798995
440211727	176	7.9261365
440213525	129	7.875969
440214041	165	7.5878787
440220602	138	7.3913045
440221471	139	7.791367
44022165	131	7.4732823
440222656	130	7.423077
440224764	124	7.75
440225701	123	7.617886
440226430	198	7.530303
440234743	153	7.6601305
440236673	138	7.5869565
44023722	261	7.283525
440241073	183	7.2896175
446310786	195	8.923077
446364193	108	7.9444447
44651652	131	7.5496182
446605239	182	7.730769
446606812	118	7.5423727
446608955	112	7.794643
446610038	164	7.731707
446672211	265	8.094339
449005615	111	8.513514
449212602	102	8.54902
452282152	257	7.937743
452282829	129	6.992248
553572997	105	7.7714286
590353403	105	9.009523
59035342	289	8.9377165
60392452	147	7.7891154
60502258	155	7.7419353
60915544	110	8.490909
60928336	292	7.849315
60930535	202	8.19802
60934417	143	8.244755
60938455	140	8.414286
60959037	125	8.168
60976845	169	7.6449704
60987103	134	7.925373
61009059	125	7.976
6101351	108	7.4444447
64407667	103	7.271845
671001795	104	8.211538
671003755	185	7.5351353
671021001	203	7.6748767
671027360	253	8.075099
671510053	138	7.7246375
679746048	105	7.257143
67976402	234	7.782051
679781587	302	8.380795
68484477	114	8.122807
684872153	126	7.968254
684874350	118	8.322034
743237188	118	7.576271
743418174	223	8.044843
786868716	220	8.018182
804106304	178	8.179775
804114986	102	7.872549
805063897	123	8.284553
812550706	103	8.873786
842329129	143	7.6853147
971880107	526	4.442966
